                               d__Archaea                     d__Bacteria  \
cowrumen   (62985.3027155, 30345.0069695)  (869397.718672, 34322.4963739)   
filtered   (368.994187329, 226.225373368)  (998713.041574, 475.982607408)   
gpigfecal  (6222.03133467, 3980.41843104)   (993118.46342, 4011.76636231)   
human      (5590.04867586, 17023.0934813)   (982380.95938, 26917.3489289)   
rumen      (13263.0803366, 6845.71852958)  (917390.322527, 23109.2876915)   

          d__Eukaryota                      d__Viruses  
cowrumen    (0.0, 0.0)  (67616.9786129, 9585.21486643)  
filtered    (0.0, 0.0)  (917.964239157, 309.533142928)  
gpigfecal   (0.0, 0.0)  (659.505245315, 214.960768491)  
human       (0.0, 0.0)  (12028.9919443, 23526.7720458)  
rumen       (0.0, 0.0)  (69346.5971367, 20578.9959433)  

--------------------------------------------------------

Pandas(Index='cowrumen', d__Archaea=(62985.302715506463, 30345.006969521626), d__Bacteria=(869397.71867163177, 34322.496373899674), d__Eukaryota=(0.0, 0.0), d__Viruses=(67616.978612861742, 9585.2148664333818))
(62985.302715506463, 30345.006969521626)
(869397.71867163177, 34322.496373899674)
(0.0, 0.0)
(67616.978612861742, 9585.2148664333818)
[62985.30271550646, 30345.006969521626, 869397.7186716318, 34322.496373899674, 0.0, 0.0, 67616.97861286174, 9585.214866433382]
62985.3 (30345.0) 	& 869397.7 (34322.5) 	& 0.0 (0.0) 	& 67617.0 (9585.2) 	\\
Pandas(Index='filtered', d__Archaea=(368.99418732850285, 226.2253733676861), d__Bacteria=(998713.04157351493, 475.98260740792398), d__Eukaryota=(0.0, 0.0), d__Viruses=(917.96423915658102, 309.53314292757898))
(368.99418732850285, 226.2253733676861)
(998713.04157351493, 475.98260740792398)
(0.0, 0.0)
(917.96423915658102, 309.53314292757898)
[368.99418732850285, 226.2253733676861, 998713.0415735149, 475.982607407924, 0.0, 0.0, 917.964239156581, 309.533142927579]
369.0 (226.2) 	& 998713.0 (476.0) 	& 0.0 (0.0) 	& 918.0 (309.5) 	\\
Pandas(Index='gpigfecal', d__Archaea=(6222.0313346670309, 3980.4184310365413), d__Bacteria=(993118.46342001774, 4011.7663623083658), d__Eukaryota=(0.0, 0.0), d__Viruses=(659.50524531520034, 214.96076849078727))
(6222.0313346670309, 3980.4184310365413)
(993118.46342001774, 4011.7663623083658)
(0.0, 0.0)
(659.50524531520034, 214.96076849078727)
[6222.031334667031, 3980.4184310365413, 993118.4634200177, 4011.766362308366, 0.0, 0.0, 659.5052453152003, 214.96076849078727]
6222.0 (3980.4) 	& 993118.5 (4011.8) 	& 0.0 (0.0) 	& 659.5 (215.0) 	\\
Pandas(Index='human', d__Archaea=(5590.0486758563438, 17023.09348125384), d__Bacteria=(982380.95937982691, 26917.348928921172), d__Eukaryota=(0.0, 0.0), d__Viruses=(12028.991944316687, 23526.772045814636))
(5590.0486758563438, 17023.09348125384)
(982380.95937982691, 26917.348928921172)
(0.0, 0.0)
(12028.991944316687, 23526.772045814636)
[5590.048675856344, 17023.09348125384, 982380.9593798269, 26917.348928921172, 0.0, 0.0, 12028.991944316687, 23526.772045814636]
5590.0 (17023.1) 	& 982381.0 (26917.3) 	& 0.0 (0.0) 	& 12029.0 (23526.8) 	\\
Pandas(Index='rumen', d__Archaea=(13263.080336596297, 6845.7185295828895), d__Bacteria=(917390.32252674096, 23109.287691547892), d__Eukaryota=(0.0, 0.0), d__Viruses=(69346.597136662749, 20578.995943340422))
(13263.080336596297, 6845.7185295828895)
(917390.32252674096, 23109.287691547892)
(0.0, 0.0)
(69346.597136662749, 20578.995943340422)
[13263.080336596297, 6845.7185295828895, 917390.322526741, 23109.287691547892, 0.0, 0.0, 69346.59713666275, 20578.995943340422]
13263.1 (6845.7) 	& 917390.3 (23109.3) 	& 0.0 (0.0) 	& 69346.6 (20579.0) 	\\
